Outputs Fuselage class 

seats_abreast = 7.0
n_aisles width = 2
n_rows = 26.0
length_cabin = 34.52142857142857
diameter_fuselage_inner = 4.680000000000001
diameter_fuselage_outer = 4.9746
length_tailcone = 17.411099999999998
length_nosecone = 9.9492
length_tail = 7.95936
length_fuselage = 46.480788571428576
thickness_fuselage = 0.14729999999999954
position_floor_upper = -0.7
position_floor_lower = -0.95
section_radius_outer = [0.024873, 0.24872999999999998, 2.23857, 2.4873, 2.4873, 2.4873, 2.4873, 2.4873, 1.9898399999999998, 0.24872999999999998, 0.024873]
section_radius_inner = (0.01, 0.10143000000000044, 2.0912700000000006, 2.3400000000000003, 2.3400000000000003, 2.3400000000000003, 2.3400000000000003, 2.3400000000000003, 1.8425400000000003, 0.10143000000000044, 0.01)
section_length_outer = (0, 0.001, 0.08605705976466098, 0.21404972475264125, 0.3168905389852004, 0.4197313532177595, 0.5225721674503186, 0.6254129816828778, 0.8287602201978869, 0.996, 1)
section_length_inner = (0.0005, 0.001, 0.08605705976466098, 0.21404972475264125, 0.3168905389852004, 0.4197313532177595, 0.5225721674503186, 0.6254129816828778, 0.8287602201978869, 0.996, 0.999)
x_fuselage_cg = 20.95130281847476

Outputs Seat_row class 

seat_spacing = [0, 0.5, 1.55, 2.05, 2.55, 3.6, 4.1]
row_width = 4.1

Outputs Horizontal_tail class 

x_tail_horizontal = 39.50867028571429
cg_arm_horizontal = 18.744740520713
surface_horizontal_tail = 25.676188487151663
span_horizontal_tail = 10.134335397479534
root_chord_horizontal_tail = 3.1669798117123538
tip_chord_horizontal_tail = 1.9001878870274123
sweep_leading_edge_horizontal_tail = 28.87542784479033
sweep_cuarter_chord_horizontal_tail = 26.05725685267437
sweep_mid_chord_horizontal_tail = 23.096804758223865
ht_x_shift = 39.50867028571429
ht_z_shift = 1.98984
mach_drag_divergence = 0.85
thickness_to_chord = 0.1185252446493154

Outputs Vertical_tail class 

x_tail_vertical = 37.184630857142864
cg_arm_vertical = 16.420701092141574
surface_vertical_tail = 20.11735285712015
span_vertical_tail = 5.493271273629241
root_chord_vertical_tail = 4.882907798781547
tip_chord_vertical_tail = 2.4414538993907735
vt_x_shift = 37.184630857142864
vt_z_shift = 2.2385699999999997
sweep_mid_chord_vertical_tail = 29.054604099077146
sweep_cuarter_chord_vertical_tail = 37.8749836510982
mach_drag_divergence = 0.85
thickness_to_chord = 0.12470385463485992

Outputs Wing class 

area_wing = 121.99999999999999
temperature = 232.75
pressure_static = 29055.11437460802
sound_speed = 305.8086820219465
air_speed = 250.7631192579961
airDensity = 0.43496168556694903
dynamic_pressure = 13675.661233840501
mach_drag_divergence = 0.85
sweep_quarter_chord = 34.41150866976944
span = 33.846417831138346
taper_ratio = 0.27988117462678985
chord_root = 5.632581230769911
chord_tip = 1.5764534510486923
sweep_leading_edge = 36.68349342951247
sweep_mid_chord = 32.00908150254794
mean_aerodynamic_chord = 3.984877386591956
y_mean_aerodynamic_chord = 6.87464446396866
lift_coefficient = 0.4345155077797394
dihedral = 1.558849133023056
x_wing_cg = 0.8892568483763101
x_le_mac = 19.878681687346997
wing_x_shift = 14.757559873707068
wing_z_shift = -1.98984

Outputs Tanks class 

